              precision    recall  f1-score   support

           0       1.00      0.07      0.14       107
           1       0.65      0.75      0.70       806
           2       0.87      0.76      0.81       500
           3       0.61      0.49      0.54       206
           4       0.71      0.75      0.73       489
           5       0.65      0.61      0.63       452
           6       0.70      0.36      0.48       368
           7       0.75      0.90      0.82      1285
           8       0.62      0.65      0.64      1000
           9       0.78      0.40      0.53       225
          10       0.50      0.70      0.58      1149
          11       0.47      0.39      0.42       256
          12       0.80      0.04      0.08       101
          13       0.75      0.48      0.58       300
          14       0.85      0.72      0.78       604
          15       0.36      0.92      0.52      1000
          16       0.61      0.64      0.62      1000
          17       0.84      0.45      0.59       348
          18       0.86      0.90      0.88      1000
          19       0.49      0.38      0.43       248
          20       0.79      0.66      0.72       831
          21       0.70      0.16      0.26       271
          22       0.98      0.22      0.36       210
          23       0.68      0.53      0.60      1578
          24       0.62      0.64      0.63       459
          25       0.63      0.84      0.72       870
          26       0.83      0.73      0.78       583
          27       0.97      0.27      0.43       121
          28       0.62      0.29      0.39      1000
          29       0.68      0.77      0.72      1062
          30       0.85      0.50      0.63       218
          31       0.68      0.52      0.59       402
          32       0.41      0.62      0.49      1338
          33       0.60      0.34      0.43       220
          34       0.77      0.38      0.51       509
          35       0.43      0.58      0.50      1000
          36       0.60      0.94      0.74       210
          37       0.57      0.65      0.61      1437
          38       0.69      0.68      0.68      1004
          39       0.79      0.36      0.50       350
          40       0.54      0.42      0.47       231
          41       0.68      0.51      0.59       309
          42       0.70      0.17      0.28       834
          43       0.73      0.83      0.78      1599
          44       0.70      0.71      0.71       251
          45       0.79      0.91      0.85      2029
          46       0.82      0.65      0.73      1559
          47       0.57      0.77      0.65       379
          48       0.86      0.26      0.39       230
          49       0.43      0.46      0.44       668
          50       0.56      0.39      0.46      1451

    accuracy                           0.63     34657
   macro avg       0.69      0.55      0.57     34657
weighted avg       0.67      0.63      0.62     34657
