                         precision    recall  f1-score   support

      Abduction-hostage     0.0951    0.4860    0.1590       107
                  Dance     0.8601    0.9231    0.8905       806
                 Desert     0.8798    0.8200    0.8489       500
            Destruction     0.6012    0.4903    0.5401       206
                  Drama     0.5217    0.0736    0.1290       489
               Drinking     0.6484    0.8119    0.7210       452
              Excercise     0.5931    0.8913    0.7123       368
                   Food     0.9864    0.9619    0.9740      1285
Glamor-Fashion-Modeling     0.8917    0.7160    0.7942      1000
                 Hiking     0.6561    0.8311    0.7333       225
         Lab-experiment     0.8310    0.9199    0.8732      1149
        Monster-Zombies     0.4604    0.8867    0.6061       256
            Murder-dead     0.3991    0.9010    0.5532       101
  Outdoor-nature-forest     0.8199    0.7133    0.7629       300
                 Police     0.8583    0.8825    0.8702       604
                 Prison     0.9791    0.9360    0.9571      1000
                  Robot     0.9088    0.8770    0.8926      1000
             Super-hero     0.7630    0.7586    0.7608       348
               Swimming     0.9055    0.9580    0.9310      1000
             Technology     0.6465    0.5605    0.6004       248
                Wedding     0.8373    0.9783    0.9023       831
                 action     0.0698    0.3284    0.1151       271
              adventure     0.4023    0.1667    0.2357       210
                 animal     0.9781    0.6217    0.7602      1578
              animation     0.6264    0.7342    0.6760       459
              beach-sea     0.9032    0.8793    0.8911       870
         bomb_explosion     0.6342    0.5026    0.5608       583
              car-chase     0.2171    0.9008    0.3499       121
             child(ren)     0.6571    0.7320    0.6925      1000
               climbing     0.8631    0.9915    0.9229      1062
               club-bar     0.5413    0.8119    0.6495       218
     college-university     0.9399    0.8955    0.9172       402
                 family     0.7577    0.6076    0.6744      1338
                 horror     0.4528    0.1091    0.1758       220
               hospital     0.9035    0.8644    0.8835       509
               military     0.5183    0.6800    0.5882      1000
                   misc     0.0833    0.0048    0.0090       210
                  music     0.9320    0.6966    0.7973      1437
                 nudity     0.8381    0.8765    0.8569      1004
                romance     0.6250    0.7571    0.6848       350
                 sci-fi     0.5342    0.7446    0.6221       231
                    sex     0.5486    0.6764    0.6058       309
                smoking     0.9186    0.8393    0.8772       834
       sports-athletics     0.9428    0.8662    0.9029      1599
            sword-fight     0.5836    0.8765    0.7006       251
          valleys-hills     0.9442    0.8590    0.8996      2029
                vehicle     0.8743    0.7851    0.8273      1559
          vehicle-crash     0.3363    0.4908    0.3991       379
               violence     0.3905    0.2870    0.3308       230
                    war     0.2473    0.1048    0.1472       668
                 weapon     0.8451    0.5190    0.6430      1451

               accuracy                         0.7516     34657
              macro avg     0.6716    0.6978    0.6590     34657
           weighted avg     0.7914    0.7516    0.7573     34657
