                         precision    recall  f1-score   support

      Abduction-hostage     1.0000    0.0280    0.0545       107
                  Dance     0.7333    0.6551    0.6920       806
                 Desert     0.9224    0.4280    0.5847       500
            Destruction     0.6889    0.1505    0.2470       206
                  Drama     0.7833    0.6503    0.7106       489
               Drinking     0.7871    0.2699    0.4020       452
              Excercise     0.5805    0.3234    0.4154       368
                   Food     0.7439    0.9019    0.8153      1285
Glamor-Fashion-Modeling     0.5669    0.5760    0.5714      1000
                 Hiking     0.6095    0.2844    0.3879       225
         Lab-experiment     0.5572    0.7424    0.6366      1149
        Monster-Zombies     0.6404    0.2227    0.3304       256
            Murder-dead     0.8000    0.0396    0.0755       101
  Outdoor-nature-forest     0.5903    0.6867    0.6348       300
                 Police     0.8038    0.6242    0.7027       604
                 Prison     0.7591    0.7940    0.7761      1000
                  Robot     0.4164    0.6350    0.5030      1000
             Super-hero     0.7627    0.2586    0.3863       348
               Swimming     0.9828    0.6270    0.7656      1000
             Technology     0.4013    0.5000    0.4452       248
                Wedding     0.5888    0.6462    0.6162       831
                 action     0.5625    0.1328    0.2149       271
              adventure     0.7059    0.1714    0.2759       210
                 animal     0.3635    0.6540    0.4673      1578
              animation     0.5865    0.5316    0.5577       459
              beach-sea     0.6999    0.6782    0.6888       870
         bomb_explosion     0.8005    0.5369    0.6427       583
              car-chase     0.7674    0.2727    0.4024       121
             child(ren)     0.5546    0.2640    0.3577      1000
               climbing     0.5263    0.7156    0.6065      1062
               club-bar     0.9294    0.3624    0.5215       218
     college-university     0.4504    0.6891    0.5447       402
                 family     0.3746    0.5202    0.4355      1338
                 horror     0.6866    0.2091    0.3206       220
               hospital     0.6473    0.3065    0.4160       509
               military     0.3358    0.5870    0.4272      1000
                   misc     0.9681    0.8667    0.9146       210
                  music     0.4942    0.7063    0.5815      1437
                 nudity     0.7684    0.3436    0.4749      1004
                romance     0.8148    0.0629    0.1167       350
                 sci-fi     0.6126    0.2944    0.3977       231
                    sex     0.8462    0.0356    0.0683       309
                smoking     0.5759    0.2002    0.2972       834
       sports-athletics     0.7347    0.7117    0.7230      1599
            sword-fight     0.8288    0.3665    0.5083       251
          valleys-hills     0.7754    0.8916    0.8294      2029
                vehicle     0.6426    0.8005    0.7129      1559
          vehicle-crash     0.4807    0.6913    0.5671       379
               violence     0.6842    0.1130    0.1940       230
                    war     0.3761    0.1272    0.1902       668
                 weapon     0.3549    0.5293    0.4249      1451

               accuracy                         0.5720     34657
              macro avg     0.6601    0.4591    0.4830     34657
           weighted avg     0.6209    0.5720    0.5564     34657
