                         precision    recall  f1-score   support

      Abduction-hostage     0.9419    0.7570    0.8394       107
                  Dance     0.9119    0.8995    0.9057       806
                 Desert     0.9523    0.9180    0.9348       500
            Destruction     0.8571    0.8447    0.8509       206
                  Drama     0.8814    0.9121    0.8965       489
               Drinking     0.9142    0.8717    0.8924       452
              Excercise     0.9138    0.8641    0.8883       368
                   Food     0.9835    0.9751    0.9793      1285
Glamor-Fashion-Modeling     0.8947    0.9180    0.9062      1000
                 Hiking     0.8829    0.8711    0.8770       225
         Lab-experiment     0.9489    0.9365    0.9426      1149
        Monster-Zombies     0.8123    0.8281    0.8201       256
            Murder-dead     0.9425    0.8119    0.8723       101
  Outdoor-nature-forest     0.8323    0.8933    0.8617       300
                 Police     0.9222    0.9421    0.9320       604
                 Prison     0.9668    0.9610    0.9639      1000
                  Robot     0.9272    0.8920    0.9093      1000
             Super-hero     0.9051    0.8218    0.8614       348
               Swimming     0.9385    0.9760    0.9569      1000
             Technology     0.7893    0.8306    0.8094       248
                Wedding     0.9478    0.8748    0.9099       831
                 action     0.7786    0.8044    0.7913       271
              adventure     0.8077    0.8000    0.8038       210
                 animal     0.9302    0.9626    0.9461      1578
              animation     0.9243    0.8519    0.8866       459
              beach-sea     0.9303    0.9207    0.9255       870
         bomb_explosion     0.9329    0.9297    0.9313       583
              car-chase     0.9388    0.7603    0.8402       121
             child(ren)     0.9075    0.8830    0.8951      1000
               climbing     0.9561    0.9435    0.9498      1062
               club-bar     0.8643    0.8761    0.8702       218
     college-university     0.9658    0.8433    0.9004       402
                 family     0.8450    0.8759    0.8602      1338
                 horror     0.8636    0.7773    0.8182       220
               hospital     0.9144    0.9450    0.9295       509
               military     0.8794    0.8530    0.8660      1000
                   misc     0.9486    0.9667    0.9575       210
                  music     0.8907    0.9360    0.9128      1437
                 nudity     0.9244    0.9253    0.9248      1004
                romance     0.8620    0.8743    0.8681       350
                 sci-fi     0.7875    0.8182    0.8025       231
                    sex     0.9075    0.8576    0.8819       309
                smoking     0.8781    0.8897    0.8839       834
       sports-athletics     0.9228    0.9575    0.9398      1599
            sword-fight     0.8100    0.9004    0.8528       251
          valleys-hills     0.9495    0.9734    0.9613      2029
                vehicle     0.9494    0.9622    0.9557      1559
          vehicle-crash     0.8536    0.9077    0.8798       379
               violence     0.9497    0.8217    0.8811       230
                    war     0.8233    0.8159    0.8195       668
                 weapon     0.8738    0.8684    0.8711      1451

               accuracy                         0.9115     34657
              macro avg     0.8988    0.8843    0.8905     34657
           weighted avg     0.9121    0.9115    0.9114     34657
