                         precision    recall  f1-score   support

      Abduction-hostage     0.7073    0.2710    0.3919       107
                  Dance     0.6016    0.4591    0.5208       806
                 Desert     0.5683    0.6240    0.5949       500
            Destruction     0.5385    0.2379    0.3300       206
                  Drama     0.5712    0.7464    0.6472       489
               Drinking     0.3188    0.5000    0.3893       452
              Excercise     0.5903    0.4973    0.5398       368
                   Food     0.7447    0.7447    0.7447      1285
Glamor-Fashion-Modeling     0.5305    0.5660    0.5477      1000
                 Hiking     0.5600    0.3111    0.4000       225
         Lab-experiment     0.5627    0.6954    0.6220      1149
        Monster-Zombies     0.7321    0.1602    0.2628       256
            Murder-dead     0.5902    0.3564    0.4444       101
  Outdoor-nature-forest     0.7245    0.2367    0.3568       300
                 Police     0.6037    0.5977    0.6007       604
                 Prison     0.7705    0.7320    0.7508      1000
                  Robot     0.4628    0.5790    0.5144      1000
             Super-hero     0.7815    0.2672    0.3983       348
               Swimming     0.4783    0.7380    0.5804      1000
             Technology     0.8095    0.2056    0.3280       248
                Wedding     0.7840    0.4236    0.5500       831
                 action     0.8519    0.1697    0.2831       271
              adventure     0.7451    0.1810    0.2912       210
                 animal     0.4139    0.5196    0.4608      1578
              animation     0.6564    0.3704    0.4735       459
              beach-sea     0.4908    0.5517    0.5195       870
         bomb_explosion     0.4088    0.5729    0.4771       583
              car-chase     0.7429    0.4298    0.5445       121
             child(ren)     0.3719    0.3180    0.3429      1000
               climbing     0.5714    0.5725    0.5720      1062
               club-bar     0.7143    0.4128    0.5233       218
     college-university     0.6753    0.3881    0.4929       402
                 family     0.4164    0.4544    0.4346      1338
                 horror     0.5000    0.2409    0.3252       220
               hospital     0.3231    0.4558    0.3782       509
               military     0.4808    0.3380    0.3969      1000
                   misc     0.8326    0.8524    0.8424       210
                  music     0.5042    0.5859    0.5420      1437
                 nudity     0.3206    0.6086    0.4199      1004
                romance     0.4815    0.3714    0.4194       350
                 sci-fi     0.7857    0.0476    0.0898       231
                    sex     0.4751    0.4013    0.4351       309
                smoking     0.5750    0.3034    0.3972       834
       sports-athletics     0.5775    0.5966    0.5869      1599
            sword-fight     0.7600    0.2271    0.3497       251
          valleys-hills     0.7096    0.7827    0.7443      2029
                vehicle     0.7102    0.6902    0.7001      1559
          vehicle-crash     0.5482    0.6755    0.6052       379
               violence     0.5152    0.2217    0.3100       230
                    war     0.5891    0.2425    0.3436       668
                 weapon     0.3569    0.5038    0.4178      1451

               accuracy                         0.5294     34657
              macro avg     0.5909    0.4517    0.4752     34657
           weighted avg     0.5607    0.5294    0.5220     34657
