                         precision    recall  f1-score   support

      Abduction-hostage     0.8977    0.7383    0.8103       107
                  Dance     0.8870    0.9057    0.8963       806
                 Desert     0.9370    0.9220    0.9294       500
            Destruction     0.9043    0.8252    0.8629       206
                  Drama     0.8537    0.9427    0.8960       489
               Drinking     0.8200    0.8872    0.8523       452
              Excercise     0.9134    0.8315    0.8706       368
                   Food     0.9470    0.9595    0.9532      1285
Glamor-Fashion-Modeling     0.8992    0.8830    0.8910      1000
                 Hiking     0.9005    0.8044    0.8498       225
         Lab-experiment     0.9222    0.9391    0.9306      1149
        Monster-Zombies     0.8995    0.7344    0.8086       256
            Murder-dead     0.9651    0.8218    0.8877       101
  Outdoor-nature-forest     0.7803    0.9000    0.8359       300
                 Police     0.9363    0.9007    0.9181       604
                 Prison     0.9617    0.9530    0.9573      1000
                  Robot     0.8833    0.9160    0.8994      1000
             Super-hero     0.9177    0.8333    0.8735       348
               Swimming     0.9682    0.9440    0.9559      1000
             Technology     0.7962    0.8347    0.8150       248
                Wedding     0.8865    0.8833    0.8849       831
                 action     0.7690    0.7860    0.7774       271
              adventure     0.7938    0.7333    0.7624       210
                 animal     0.9010    0.9056    0.9033      1578
              animation     0.8943    0.8845    0.8894       459
              beach-sea     0.8976    0.8966    0.8971       870
         bomb_explosion     0.9306    0.9194    0.9249       583
              car-chase     0.8417    0.8347    0.8382       121
             child(ren)     0.9118    0.8370    0.8728      1000
               climbing     0.9277    0.9661    0.9465      1062
               club-bar     0.9031    0.8119    0.8551       218
     college-university     0.9103    0.8582    0.8835       402
                 family     0.8655    0.8468    0.8561      1338
                 horror     0.8178    0.8773    0.8465       220
               hospital     0.9067    0.8978    0.9023       509
               military     0.8949    0.8430    0.8682      1000
                   misc     0.9951    0.9762    0.9856       210
                  music     0.8738    0.8963    0.8849      1437
                 nudity     0.8531    0.8964    0.8742      1004
                romance     0.8988    0.8371    0.8669       350
                 sci-fi     0.7699    0.7965    0.7830       231
                    sex     0.8814    0.8414    0.8609       309
                smoking     0.8416    0.8345    0.8380       834
       sports-athletics     0.9048    0.9456    0.9248      1599
            sword-fight     0.9069    0.8924    0.8996       251
          valleys-hills     0.9473    0.9571    0.9522      2029
                vehicle     0.9436    0.9436    0.9436      1559
          vehicle-crash     0.8837    0.9024    0.8930       379
               violence     0.9171    0.7696    0.8369       230
                    war     0.8006    0.8114    0.8059       668
                 weapon     0.8221    0.8759    0.8482      1451

               accuracy                         0.8959     34657
              macro avg     0.8879    0.8713    0.8784     34657
           weighted avg     0.8967    0.8959    0.8958     34657
