                         precision    recall  f1-score   support

      Abduction-hostage     0.0031    1.0000    0.0062       428
                  Dance     0.0000    0.0000    0.0000      3224
                 Desert     0.0000    0.0000    0.0000      2000
            Destruction     0.0000    0.0000    0.0000       824
                  Drama     0.0000    0.0000    0.0000      1956
               Drinking     0.0000    0.0000    0.0000      1808
              Excercise     0.0000    0.0000    0.0000      1472
                   Food     0.0000    0.0000    0.0000      5140
Glamor-Fashion-Modeling     0.0000    0.0000    0.0000      4000
                 Hiking     0.0000    0.0000    0.0000       900
         Lab-experiment     0.0000    0.0000    0.0000      4596
        Monster-Zombies     0.0000    0.0000    0.0000      1024
            Murder-dead     0.0000    0.0000    0.0000       404
  Outdoor-nature-forest     0.0000    0.0000    0.0000      1200
                 Police     0.0000    0.0000    0.0000      2416
                 Prison     0.0000    0.0000    0.0000      4000
                  Robot     0.0000    0.0000    0.0000      4000
             Super-hero     0.0000    0.0000    0.0000      1392
               Swimming     0.0000    0.0000    0.0000      4000
             Technology     0.0000    0.0000    0.0000       992
                Wedding     0.0000    0.0000    0.0000      3324
                 action     0.0000    0.0000    0.0000      1084
              adventure     0.0000    0.0000    0.0000       840
                 animal     0.0000    0.0000    0.0000      6312
              animation     0.0000    0.0000    0.0000      1836
              beach-sea     0.0000    0.0000    0.0000      3480
         bomb_explosion     0.0000    0.0000    0.0000      2332
              car-chase     0.0000    0.0000    0.0000       484
             child(ren)     0.0000    0.0000    0.0000      4000
               climbing     0.0000    0.0000    0.0000      4248
               club-bar     0.0000    0.0000    0.0000       872
     college-university     0.0000    0.0000    0.0000      1608
                 family     0.0000    0.0000    0.0000      5352
                 horror     0.0000    0.0000    0.0000       880
               hospital     0.0000    0.0000    0.0000      2036
               military     0.0000    0.0000    0.0000      4000
                   misc     0.0000    0.0000    0.0000       840
                  music     0.0000    0.0000    0.0000      5748
                 nudity     0.0000    0.0000    0.0000      4016
                romance     0.0000    0.0000    0.0000      1400
                 sci-fi     0.0000    0.0000    0.0000       924
                    sex     0.0000    0.0000    0.0000      1236
                smoking     0.0000    0.0000    0.0000      3336
       sports-athletics     0.0000    0.0000    0.0000      6396
            sword-fight     0.0000    0.0000    0.0000      1004
          valleys-hills     0.0000    0.0000    0.0000      8116
                vehicle     0.0000    0.0000    0.0000      6236
          vehicle-crash     0.0000    0.0000    0.0000      1516
               violence     0.0000    0.0000    0.0000       920
                    war     0.0000    0.0000    0.0000      2672
                 weapon     0.0000    0.0000    0.0000      5124

               accuracy                         0.0031    137948
              macro avg     0.0001    0.0196    0.0001    137948
           weighted avg     0.0000    0.0031    0.0000    137948
